(base) MacBook-Pro-3:SAGMDE copy JulianMacBookPro$ java AllKM
------------------------------------------------------------------------------

KM iris
IT:0
IT:1
IT:2
IT:3
IT:4
IT:5
IT:6
IT:7
IT:8
IT:9
IT:10
IT:11
IT:12
IT:13
IT:14
IT:15
IT:16
IT:17
IT:18
IT:19
Results:
1
1
1
1
1
0
1
1
0
1
1
0
1
0
1
0
0
0
1
0

0.71445764785565
0.587377604227934
0.7419116632636197
0.71445764785565
0.71445764785565
0.587377604227934
0.71445764785565
0.71445764785565
0.7419116632636197
0.71445764785565
0.71445764785565
0.7419116632636197
0.587377604227934
0.71445764785565
0.71445764785565
0.7419116632636197
0.71445764785565
0.71445764785565
0.71445764785565
0.71445764785565

7.13864767740597
10.908275006571785
6.998114032001467
7.13864767740597
7.13864767740597
10.908275006571785
7.13864767740597
7.13864767740597
6.998114032001467
7.13864767740597
7.13864767740597
6.998114032001467
10.908275006571785
7.13864767740597
7.13864767740597
6.998114032001467
7.13864767740597
7.13864767740597
7.13864767740597
7.13864767740597




------------------------------------------------------------------------------

BH iris
IT:0
IT:1
IT:2
IT:3
IT:4
IT:5
IT:6
IT:7
IT:8
IT:9
IT:10
IT:11
IT:12
IT:13
IT:14
IT:15
IT:16
IT:17
IT:18
IT:19
Results:
1379
1280
1275
1292
1257
1259
1229
1260
1258
1285
1242
1332
1290
1288
1254
1290
1324
1240
1275
1293

0.7419116632636197
0.7419116632636197
0.7419116632636197
0.7419116632636197
0.7419116632636197
0.7419116632636197
0.7419116632636197
0.7419116632636197
0.7419116632636197
0.7419116632636197
0.7419116632636197
0.7419116632636197
0.7419116632636197
0.7419116632636197
0.7419116632636197
0.7419116632636197
0.7419116632636197
0.7419116632636197
0.7419116632636197
0.7419116632636197

7.008891369332559
7.013911765418015
7.011140886403155
7.013035487761954
7.014109419716988
7.006480423384346
7.00881003838731
7.011066535371356
7.008032980491407
7.01432561740512
7.009643963014241
7.022860687633511
7.018888580147177
7.008497030707076
7.014991165429819
7.016848721425049
7.009888646542095
7.021348162146751
7.015128382423427
7.013475441606715




------------------------------------------------------------------------------

SAKM iris
IT:0
IT:1
IT:2
IT:3
IT:4
IT:5
IT:6
IT:7
IT:8
IT:9
IT:10
IT:11
IT:12
IT:13
IT:14
IT:15
IT:16
IT:17
IT:18
IT:19
Results:
744
779
665
659
680
669
651
671
687
638
643
606
623
623
600
638
624
646
653
618

0.7419116632636197
0.7419116632636197
0.7419116632636197
0.7419116632636197
0.7419116632636197
0.7419116632636197
0.7419116632636197
0.7419116632636197
0.7419116632636197
0.7419116632636197
0.7419116632636197
0.7419116632636197
0.7419116632636197
0.7419116632636197
0.7419116632636197
0.7419116632636197
0.7419116632636197
0.7419116632636197
0.7419116632636197
0.7419116632636197

6.998114032001467
6.998114032001467
6.998114032001467
6.998114032001467
6.998114032001467
6.998114032001467
6.998114032001467
6.998114032001467
6.998114032001467
7.001592079439433
6.998114032001467
6.998114032001467
6.998114032001467
6.998114032001467
6.998114032001467
6.998114032001467
6.998114032001467
6.998114032001467
6.998114032001467
7.00331757569802




------------------------------------------------------------------------------

SAGM iris
IT:0
IT:1
IT:2
IT:3
IT:4
IT:5
IT:6
IT:7
IT:8
IT:9
IT:10
IT:11
IT:12
IT:13
IT:14
IT:15
IT:16
IT:17
IT:18
IT:19
Results:
117
116
121
106
107
106
106
106
106
108
118
118
115
120
112
110
106
114
120
116

0.7419116632636197
0.7419116632636197
0.7419116632636197
0.7419116632636197
0.7419116632636197
0.7419116632636197
0.7419116632636197
0.7419116632636197
0.7419116632636197
0.7419116632636197
0.7419116632636197
0.7419116632636197
0.7419116632636197
0.7419116632636197
0.7419116632636197
0.7419116632636197
0.7419116632636197
0.7419116632636197
0.7419116632636197
0.7419116632636197

6.998755120148417
6.99855841731187
6.998719337891089
6.998463628522586
6.998728684760863
6.99831099549192
6.998352081776829
6.998702931246953
6.9987911852949765
6.99872650890029
6.998850997071713
6.998555654950906
6.998467187862843
6.998608357243938
6.998712307366077
6.999034311331343
6.998610363167245
6.998950437118765
6.999076206411701
6.998864499881165




------------------------------------------------------------------------------

SAGMDE iris
IT:0
IT:1
IT:2
IT:3
IT:4
IT:5
IT:6
IT:7
IT:8
IT:9
IT:10
IT:11
IT:12
IT:13
IT:14
IT:15
IT:16
IT:17
IT:18
IT:19
Results:
3984
4217
2915
5157
5043
5117
5079
5050
5098
5072
5128
5124
5190
5020
5075
5053
5035
5283
5373
5393

0.7419116632636197
0.7419116632636197
0.7419116632636197
0.7419116632636197
0.7419116632636197
0.7419116632636197
0.7419116632636197
0.7419116632636197
0.7419116632636197
0.7419116632636197
0.7419116632636197
0.7419116632636197
0.7419116632636197
0.7419116632636197
0.7419116632636197
0.7419116632636197
0.7419116632636197
0.7419116632636197
0.7419116632636197
0.7419116632636197

6.998119122144999
6.998117732320679
6.99811717699049
6.99812163846218
6.998122449324001
6.998121267388342
6.998123792989645
6.998121149576036
6.998129221698036
6.998122587479884
6.998124159377767
6.998116626869887
6.998116520873737
6.998117718845606
6.9981210307742
6.998121321783401
6.9981229004624765
6.99812210368691
6.9981203969800845
6.998119198571658




********************************************************************************